2.519433819076762407e-02
-1.436885833090166542e-01
-6.118313552448518822e-01
-2.255804687044610790e-01
-5.384876544976171381e-02
3.713118297099529674e-02
3.897073702621134395e-01
-3.181096170211872853e-01
-3.046618980102415164e-01
8.108226371779703179e-02
2.465845337869238818e-01
-3.289996200790257785e-01
3.011368562600981180e-01
-7.037352271628006806e-01
3.256025942845025556e-02
-1.625272815408590477e-01
2.471614434316152242e-01
-4.321424393444468770e-02
3.983891819258150169e-01
-7.683260957984512363e-01
1.044109465072252663e+00
-7.435878114725714971e-02
1.658807507598987763e-01
-3.215449202605105694e-01
3.740807268429383742e-02
-1.651605800058126572e-01
-1.821774493900053457e-02
-1.378386491647327072e-01
-1.580281395082080154e-01
1.823393570614916803e-01
-2.922759501873696264e-01
1.554981418070704446e-01
-2.131081285159943384e-01
1.880149184786823469e-01
4.391007710347522019e-01
2.408469238964814074e-01
-2.517150083594967003e-02
-2.316897329243041218e-02
-4.320857743862609873e-02
-1.033938494831187771e-01
-2.915273081512969600e-01
-1.022319993765953977e-01
-2.190497612795516413e-01
-7.105218989129681584e-02
-2.806929929529687340e-01
-2.266306937121210230e-01
7.465801745801309286e-02
-1.655880621752296999e-01
-3.749712871395944891e-01
-3.627202570344759680e-01
3.151588101855146845e-02
-1.984843744486164963e-01
-2.581615652605536715e-01
-5.783548094412596097e-01
-2.651666943892355688e-01
-7.639606395865210231e-02
3.609930019043406518e-02
-1.133272446769459374e-01
4.879757322057833857e-01
-4.513437296586910730e-01
-1.729774386158913491e-01
4.526245284659451973e-01
-5.000075686450743406e-01
3.430053003063772699e-01
-1.611274813377244208e-01
-3.467878323275187524e-01
-3.561550975842124600e-02
1.065631531429645645e-01
1.993715737309436908e-01
-1.509364969000113743e-01
7.273686912942116389e-02
-2.208712274491881622e-01
8.760631155903408906e-02
5.500669899827335119e-01
-1.565234373362008047e-02
-1.128822547857911474e+00
-3.496500466844284505e-01
-1.489862871349026952e-01
-4.373725849636866947e-02
-6.060391032906581321e-02
1.882580584992774309e-01
3.061601846583857367e-01
-1.967582218188369536e-01
-7.137423947426080328e-02
1.660658248710097096e-01
-3.120457064463961760e-01
-5.085071432220282794e-01
-2.538968202377672179e-01
-1.147733041302243517e-01
-7.246239804715429722e-01
-1.184698530826389651e-01
-3.105958971543681946e-02
4.856922677440179692e-01
1.341874811405275869e-01
8.335377725756817902e-02
4.041008711480592597e-01
-4.846518285606901677e-02
1.173185665014317980e-01
3.499778203895099193e-01
6.953819451744494007e-01
7.143286512669036470e-02
1.148433012265225872e-01
8.176160642509541776e-02
1.225413331868566019e-01
6.485386008365523480e-02
-1.710360183291610991e-01
5.567951512797580937e-02
-3.823308934443065965e-01
-9.213332105754161450e-02
-2.334027314736793479e-01
6.542852924749170511e-03
-1.427647133418775416e-01
-4.062590482938009395e-01
1.732734652263881112e-02
-1.886899643175566077e-01
1.934307249759173453e-01
-6.513740195446754422e-02
-3.174137209058779385e-01
2.521268835403109310e-01
-1.193011032835567947e-01
4.871896932236686739e-01
-1.947288987440997168e-02
2.212474268455685011e-01
-1.616639827334743484e-01
-5.219187778001146971e-02
-1.245820026074168779e-01
1.618167988128522417e-01
1.766145322097033010e-01
-5.609878930581940759e-01
-2.909499032769520890e-02
2.447232196841091778e-01
1.430078481590240334e-03
-5.006777548673696510e-01
-6.566786115628190368e-01
-3.821893322948541893e-01
3.916333288655131084e-01
-5.170546281773277242e-01
1.491359365992453723e-01
-9.997211724070365069e-02
-4.997239838916781030e-02
1.781590662290129246e-01
-9.562757012632113751e-01
-8.371471306343951646e-01
2.352269561270630416e-01
1.191356412942777554e-01
-1.875164403402238000e-01
1.548446857637189589e-01
4.404410227027698577e-01
1.406898609772663788e-01
-1.909003994471907273e-01
-6.338781988768863451e-01
3.290391400497617580e-01
-1.195837712095758482e-01
5.888772674945111363e-02
1.195239266549021490e-01
2.445552501132712830e-01
2.593483158739151931e-02
3.063760477171211249e-01
-2.088170104137677119e-01
-1.192789486234929613e-01
3.933417644192690465e-01
-7.731976958481365236e-02
1.137093047611781038e-01
2.600985455082445164e-01
1.108252704134521788e-01
-2.467745795641806128e-01
-1.141273376295081354e-01
-4.504998211882233483e-01
2.953469079691530275e-01
1.686436587737774606e-01
-7.422939125500335189e-01
6.357257043839539268e-01
-1.415996394912268364e-01
2.260886860371737472e-01
8.570692350737116882e-01
-2.037975367985889741e-01
8.666265026029754681e-01
4.313309349604989018e-01
-6.335571438617561280e-02
1.340119584335519864e-01
-1.351088002554195477e-01
2.052582062416195841e-01
-2.448134186059880979e-01
-2.037454762788545315e-01
2.941250739413125981e-01
-9.406970483114304726e-02
-1.443319246176179294e-01
1.757568338739691760e-01
-2.064532500176150254e-01
-1.098650770713618108e-01
-4.620250377772668893e-01
-1.449532503245008208e-01
-1.845915314801441914e-02
-1.261524935838931605e-01
9.016538602780545253e-02
4.618856306397699507e-01
-2.888501498084390939e-01
1.939211026264253124e-01
-4.374799968543396367e-01
-4.186856645646444552e-01
4.046244855265317408e-01
7.117501870545003828e-02
5.143027955341156199e-01
-2.490597744112014456e-01
-6.396202819665282036e-01
-2.169753622349515076e-01
4.011440980673650625e-01
4.638665424873966714e-02
1.581540360618240992e-01
-3.610158219425102510e-01
2.242709135663003839e-01
7.899469178876290520e-01
-4.565338382041657095e-01
-6.390082074024030501e-01
7.923895467448822949e-02
3.658820482261307960e-01
-1.865375338070267286e-02
2.810415993698956449e-01
1.942192873722456692e-01
-2.008256828816660233e-01
-1.404728776913392180e-02
5.731941637514991611e-02
-3.329737141255480481e-01
-1.823909781141751507e-01
-2.400204115871613364e-01
1.567364585361274432e-01
-3.051552940392176505e-01
8.435022758078469796e-02
-1.657867976715900193e-01
-1.568589170544159694e+00
-4.067300728898549655e-01
-3.881433365490559728e-01
-1.590794066188903344e-01
-6.202428171808076485e-01
-1.227922033505767230e-01
3.806996696648932144e-01
9.817909342868544331e-02
-2.064724464302238605e-01
7.128807933143901931e-02
-1.348750082281701401e-01
7.618701798287426108e-01
-3.395217509474989237e-01
-3.917680003748497120e-01
-1.801121877265299265e-01
-6.556885995220235186e-02
-6.624214394517220494e-01
7.619604811406188727e-02
-5.734454198331829788e-01
1.388882954298501782e-01
-1.975107466624431013e-02
-5.524727498899814071e-01
-1.022536470049914964e-01
2.416637923523335119e-01
1.054855939324308295e-01
-3.421640987307184578e-01
5.858111996872045202e-02
