2.492525592283945102e-01
-6.131815002291602923e-01
9.374616133434045262e-02
7.073434035292777700e-02
-1.705862842222793663e-01
-2.150185934831298218e-01
-1.675334938546164110e-01
4.786260636950379760e-02
1.007285712592892041e-01
-1.033724227642555532e-01
-3.776339446111255937e-01
3.034060849590019537e-01
1.809740196132069434e-01
-2.974426315646271912e-01
-1.613344921131162901e-01
-4.147617980134726268e-01
-1.724406329370102575e-02
-2.525535193584513838e-01
2.181116560175107022e-01
1.417684633407203521e-01
-9.870764564796201401e-02
-1.507005387039080102e-01
1.241705178373886109e-01
-1.515977286913590683e-01
-1.472961803330515573e-01
-2.685511597541307208e-02
9.509660821801636799e-02
1.039933152618197632e-01
-8.020101844773659672e-02
-6.006785512202154897e-02
-3.508136664071116739e-02
4.572722330579037098e-01
3.909074284423473267e-01
0.000000000000000000e+00
2.890515083635797899e-01
-8.019735621596554842e-02
-5.858898716686573166e-02
-8.625731987345627294e-01
-3.481493603950804316e-01
-7.723891800242337347e-01
-1.105062183160250219e-02
-4.180475407756700790e-01
-4.876241846358750909e-01
-2.289306343010871769e-01
-7.037503946960861623e-02
2.869873585118301040e-01
6.284933781701067257e-02
-5.161601389896360859e-01
1.603437912899150462e-03
5.366472359129541569e-01
7.922065387131047021e-02
-4.707500224772076525e-01
1.113588706398069283e-01
-2.054154623743969788e-01
-5.685241182455200853e-02
4.273375326332401469e-01
-2.559502088587197188e-01
2.576213819964680643e-02
2.360724507515716275e-01
-2.342244461285889531e-03
-6.526749828618451377e-02
-6.680064480911397651e-02
-3.758467237185294380e-02
-1.677671974820910822e-02
-8.483154873060639867e-01
1.982332976045229067e-01
-9.409997563130116927e-01
5.903906241483902750e-02
7.307385246958542080e-02
-1.652011661123492514e-01
-3.139538591801573769e-02
2.068931523410804524e-02
-1.852403954409710674e-01
1.529161204517327788e-01
-3.415848038899721439e-01
-1.075750574339145310e-01
5.962808833551940663e-02
-2.340365671993437646e-01
-2.342815500045408728e-01
-2.830098632228674749e-01
-2.015874159115832176e-01
-1.253369872177294286e-01
-3.853748858661037446e-01
6.046059708346781386e-02
-3.150498935895750807e-01
2.604133768745291455e-01
-9.759743105785904926e-02
2.873981077414288765e-01
-1.329019998718473372e-01
2.878828020357779294e-01
3.125268963284735246e-01
2.102966821890312199e-01
-1.663468649718553849e-02
2.365368000489599110e-01
-2.552846862491711111e-01
-5.537782961515265619e-03
-2.450000682361337112e-01
-2.976889808650095073e-02
2.649753314854555106e-02
6.042655810815847905e-01
1.635200482273183736e-02
0.000000000000000000e+00
2.221012136676543403e-01
-9.171248207581642747e-03
-6.138289005058119446e-02
3.324451977312855022e-01
-2.433807236413491337e-01
8.104434175729721343e-03
4.276748523899184806e-01
3.598962157157060138e-01
2.318805870885033427e-01
-1.074131445962015902e-01
-1.997317377025854546e-01
1.487675267324019279e-01
3.589057697652963674e-01
-2.418322764353849630e-01
7.097737001207696794e-01
-2.805163867681153070e-02
-2.243932439949310742e-01
5.840217277997334921e-01
-1.855485615086099049e-01
-5.544218869761813329e-01
1.466754662093531780e-01
-2.405591510859368676e-01
-2.843193269812999691e-01
2.432845445109196592e-01
-3.031607485887204967e-01
-1.211839934685445125e-01
