1.334290734242438714e-01
-3.447072806886388174e-01
7.795253399208763589e-01
2.300928500229750817e-01
-7.420477403237937808e-02
6.145405290568509704e-01
-4.923795486729835025e-01
-3.001831885346536999e-02
-1.686361329105347528e-01
-3.382210912852682827e-01
6.257249125449651506e-02
3.264684529937145890e-02
1.139506289508311482e-01
-1.222925982781269821e-01
-1.626549165767241512e-01
-5.418124247785955916e-01
-4.284267641231227081e-02
1.160600240719756177e-01
-3.789566758962376047e-01
-2.555871375206198587e-02
-1.984171330251724430e-01
-1.785906180447439651e-01
1.495157847162282561e-01
-1.255587385585641147e-01
-1.011685795624382538e-02
-9.459618153468410395e-02
5.811606249930596768e-02
-3.563701068801058414e-01
7.079816786569119447e-02
-2.488593772910283330e-01
5.955890022792625221e-02
4.749966476024907736e-01
-5.482468238412855355e-01
2.684035471606024958e-01
2.409846865820589878e-01
1.097349659986280868e+00
-1.931070573863182538e-01
2.523015411906472383e-01
-2.834785657117666613e-01
-2.433521719538968009e-01
-1.994943135508359389e-01
-2.364489399058156138e-01
3.317768159699155950e-01
1.058323791423225607e-01
3.596555308541559554e-02
2.687439835801981314e-01
1.853020952688377576e-01
-2.357512941155313346e-01
7.836750561490153644e-02
3.469186739302080880e-01
-1.530283473843926101e-01
-3.327255983101365389e-01
-6.423101411454719412e-02
8.085202299812312143e-02
-1.527667499731420742e-01
-3.994823817261053400e-01
-1.477925263051141358e-01
1.036937856803483715e-01
-3.546812385940371626e-01
2.135137317338702545e-01
-1.194116567841242704e-01
2.956559859701508586e-01
-3.426959396226795795e-01
1.127991540501332157e-01
