2.755034178779852683e-01
-1.506649876036408042e-01
-1.688895839669545540e-01
3.205562274069077011e-01
-5.458095361421442249e-01
1.912238461666043721e-02
-1.339416327352372926e-01
-4.559016268423703167e-02
-1.750523084672701568e-01
3.966778708006825083e-01
-1.367736940637795107e-01
1.458233895319963613e-01
-2.734277057747395712e-01
-4.765859974072637062e-01
-3.315740728567962425e-01
-3.144683444639901904e-01
-8.049467478184837987e-02
-3.285626151207409751e-01
-3.485951138538554428e-01
-3.747791061955532688e-01
-1.685557163840601114e-01
-2.099491722462445420e-01
5.232197328450435142e-02
-2.033649817272782379e-01
3.404965444600761559e-01
6.174838408392106098e-02
-1.405893055499320421e-01
1.116069977328844331e-01
-1.303621278939008643e-01
-2.782427509267799276e-02
1.298982876334950631e-01
-5.986823821293312670e-02
