-1.870422112507474643e-01
-8.674232141794908924e-02
-3.267816542561837734e-01
1.644595133057127068e-01
-3.489324040139933358e-01
-3.311891513891575094e-03
-7.196707079759316616e-02
1.187526342720431234e-02
9.926920270558119153e-02
-1.994088917213224510e-01
7.578804064797260188e-03
-5.470355386396956732e-01
-9.697164596814990267e-02
2.106833051334897414e-02
-8.779953655445232874e-02
2.672756352838287844e-02
1.845984951591129741e-01
-9.909438991355257187e-02
-6.855378828508534861e-03
-5.390363977447076849e-02
-3.068112977780109163e-01
-2.987562772873806893e-01
-3.765415696723439232e-01
-1.065492710833234880e-01
-2.400305308313254726e-01
-1.725686716487233874e-01
-4.704333534971537334e-02
2.805116335270834149e-01
8.860282215430418870e-03
7.105412429999180546e-02
-3.633831976950295528e-02
3.882782048786280124e-03
-2.403191214462546410e-01
6.379539961440389151e-02
-4.909897162678274196e-02
-2.257325957708167796e-01
-1.153692471722871232e-01
-6.573352772934101806e-02
-1.064140866853088702e-01
-1.075869897054354263e-01
-1.302101011938565922e-01
-1.527048541366391732e-01
4.181665474162075957e-02
1.056896661063979753e-01
-3.218745067084974876e-01
-1.201664943178347572e-01
7.027209825230144868e-02
-1.468357074780548277e-01
-8.210016798579394121e-03
-1.870910682823871962e-01
-1.114311160261974576e-01
-1.336597075441486315e-01
-1.310807893839918137e-01
6.735643592446717287e-01
-1.260741068798140463e-01
-1.420381387080975055e-01
-3.118738131438739472e-03
-8.200111310922299571e-03
-6.736304134553199041e-02
-1.623186195128916223e-02
-2.519328008435328115e-01
6.227025413023434819e-01
-2.470757528083102755e-02
5.885060759751102599e-02
