4.860121636974517045e-01
-2.508498212548584266e-04
2.745530141758549883e-02
-1.489152495186411157e-02
2.375585658453993054e-01
-9.664978067008490881e-02
6.195923816871828915e-01
-2.866530412352430446e-01
-1.625232889543076209e-01
-5.618599629916087856e-01
2.577346297104068928e-02
1.313875006893005237e-01
3.082217107571248449e-01
-1.608335271532951583e-01
-7.042050555691392599e-02
6.055024378469149593e-02
-1.686071030398677562e-01
-1.112793055816091031e-01
-1.421855668673741024e-01
-1.343285493510146256e-01
-1.579324900295543121e-01
-4.549648060036545760e-01
2.443857634147566336e-07
-2.129389549758797448e-02
4.047239995414940172e-01
-9.266121220067989606e-02
-1.581835534435014068e-01
8.398975696798742507e-02
6.543237294534389736e-01
4.161351111241130551e-01
2.336993219699090227e-02
6.965526459516706292e-02
2.627924658443895334e-01
-9.581831213607275299e-02
-9.728987408414352389e-01
1.800880566931482296e-01
2.769186238511752163e-01
-2.778201678391657992e-01
-4.736222070924506504e-04
-3.281702040319753322e-02
6.148075979248022183e-01
-4.363051561763044983e-01
-6.124180741468446265e-02
3.057936248489602216e-01
-9.659009615027241979e-02
1.124072457138851178e+00
5.436488510956482417e-02
3.176278850443016444e-02
9.417418057199512804e-02
-1.021639208499294016e+00
1.496765589434879418e-01
-9.848227370725711749e-01
-3.689931942942538123e-01
-1.436193990392098108e-01
-3.532673132423065354e-01
-2.023191881720471652e-01
6.754264891779308000e-01
-4.342413506278484103e-01
5.334973490005884972e-02
-8.899067760561463203e-02
-8.837162554280388882e-01
2.904976161556091160e-02
3.265485796236668875e-02
6.555528599947059165e-01
