8.308936912293242438e-02
-4.724150744313557748e-01
-2.178192877350020040e-01
6.994830595184079458e-01
-3.218355958257985150e-01
-3.900024516590828716e-01
-6.560550294881122013e-02
4.440344375655181919e-01
-1.583843797907933670e-01
1.053732773049184113e-01
-3.158238056115434955e-01
-2.539055830186311979e-01
-1.888062373516437853e-01
-6.234247923496146759e-01
-5.081268380620692499e-02
4.211880700884228917e-02
1.938086461475608535e-01
-1.138004641261216587e-01
1.437566345314795213e-01
2.204318926759512090e-02
-3.346889037776076825e-02
-4.948847251433397681e-02
-3.638525939092375483e-02
-2.656814694687316680e-01
7.874626349278684989e-01
-8.117786714261757131e-02
9.563434848572440611e-03
-1.523806554623469423e-01
-1.783319907057909492e-01
-3.823255253621933303e-01
-5.291140084270410521e-02
-1.777733903381184533e-01
-3.249425155469025384e-02
9.778194722536984185e-02
-2.862975125592711612e-01
2.630932817513824129e-01
1.505305311778599719e-01
2.193174015156663242e-02
9.044466306381193643e-02
3.360699469157888419e-01
-3.158747231040222037e-01
-2.594992180577108676e-01
5.942390108123321024e-01
4.255387760261133273e-02
7.666913878663040860e-01
1.414061721674724492e-01
-6.533760001573073462e-01
1.902848398973009184e-02
1.812891369671360275e-01
5.620679254195430907e-01
6.092600134170498422e-02
2.774164574784767634e-01
-3.052585605610871541e-02
-5.635776138036575553e-03
3.004504815325640885e-02
3.043445291547179909e-01
9.761277566347492662e-02
9.502898225287552403e-02
7.326271558722776030e-03
-2.128885359855519355e-01
5.831359462571510111e-03
-1.862288558219653556e-01
3.018959416111606205e-04
-5.070356603463280903e-02
