-1.886264991799981305e-01
-1.345274610879365063e-01
-5.746043801387973327e-02
-1.346501076807082864e-01
7.408239859852025488e-02
-1.950970494270572175e-01
-1.886434172436828732e-02
3.267397923614183408e-02
4.636807011957975316e-02
1.965157917314083458e-01
-6.910353949313821631e-02
1.041583090687971981e-02
-3.629491604010318118e-02
-2.207326236859396065e-02
-9.891017334087534585e-02
-6.563765384516734303e-02
-2.552506417087782933e-02
-2.701582070159786256e-02
-7.607853200148367856e-02
-5.358422200893458998e-02
-2.256352303405755044e-01
-2.812609925667114777e-02
-6.471621011185936523e-02
-1.281882023850351437e-01
-2.754616822547120356e-03
-2.678269506882269280e-03
-2.332958417974753396e-01
1.010018050609254592e-01
8.581910347421783936e-03
-5.956746415788559401e-02
-3.819376195693337944e-02
-7.121072224495036962e-02
-1.030986009900582145e-01
-2.551122973989515194e-02
-1.512888270689136672e-01
-2.164767321982376692e-03
-4.785262399118331289e-02
-4.159309886849515969e-02
-1.780936965674424083e-02
-2.072032054766656528e-01
-7.844716131681231386e-02
-5.728840073682425760e-02
-1.044782793241376823e-01
-1.323658242232801374e-01
-3.703923762371384709e-02
-2.293888360475861976e-01
7.162954871124163625e-02
-1.143950221511009363e-01
8.556622025417727484e-02
-1.309894893230235426e-02
4.903110489882810813e-02
-1.684848218344810883e-02
-1.795800584802413891e-01
-1.207647060739688166e-01
-4.006139395736209308e-02
-3.249375406569049440e-01
-1.781892298464775315e-02
-5.760629628617614656e-02
-6.952417128006070646e-02
-9.930702794844495362e-02
-2.036754827222789221e-02
3.325766129607567873e-02
-5.579094981658778984e-02
6.990542307651498311e-02
