-2.637270993801836272e-01
-1.605741112846772733e-01
2.941276605083645301e-01
-4.239060555986492451e-01
-2.860513954066671860e-01
-6.178117097444855293e-02
-9.611748777442834235e-02
-2.386652953398857302e-02
-1.028731494373654465e-01
-2.912373925492986459e-01
4.239486123743628210e-01
2.371688531362811381e-01
7.337220316837140821e-01
-4.695980026050145528e-01
-3.597093146709043343e-02
-3.511487986295578484e-02
1.203707977999062956e-01
4.132171507173813818e-02
-3.786200914958221531e-01
1.260206697530286395e-03
3.906885406188340126e-02
-2.476442995288104243e-01
-1.616809781381916764e-02
-1.066535858957833732e-01
-8.199527450574166376e-02
1.352206165117772474e-01
-9.793237101879483097e-02
-1.430381463189117353e-01
1.569326556568584330e-01
-2.810867367009467488e-01
1.639153575212735567e-02
-1.039873286749677488e-02
3.170553765520680023e-01
-1.393757491061233811e-01
1.943527971972524582e-01
-3.743027878733872632e-02
-1.105866203854715263e-01
-8.510002968275018342e-03
-1.321409850012381093e-01
-2.221122904309308643e-01
-4.014444915295797833e-02
-6.385976067787833832e-02
-2.739967073757606508e-01
-4.491633240140437827e-02
5.652106669385982551e-02
-2.372215898099736334e-02
7.870589757163984346e-02
-2.376751131534662054e-01
-3.999822002946278737e-02
-1.405411047983222694e-01
1.376812519407418778e-01
2.686798404323679015e-02
2.295350750012286611e-01
6.165490458705893961e-02
4.246723666690070953e-01
3.748074973751508443e-01
-3.787396537920719591e-02
-2.920447649383372049e-02
-2.166857036296989114e-01
1.469648757461498034e-01
4.183107815956913639e-02
1.370408545394918298e-01
5.729409432039337391e-01
-1.129063675000863132e-01
