4.552617515925800329e-01
-1.847793977477510119e-01
-1.791640360708426638e-01
-3.497349479191868560e-01
7.249702499035812764e-01
-2.658437142474775472e-01
4.165042049377326028e-01
-2.816047447654815850e-01
4.779217416671773244e-01
1.407743711238404194e-01
-6.881014400362461814e-01
1.572136453836232666e-04
-8.965407119315077500e-02
-2.419101061937546926e-01
-1.006088446976334400e-01
3.944983758545059782e-01
7.453988500885779835e-03
-6.990226806439140406e-01
9.264177825115585407e-02
-7.386775491679515859e-01
-8.270853079747246817e-01
-4.880071435934930091e-01
6.192920940773782856e-04
2.641493505699111788e-01
1.419897836892247411e-01
-1.741885105972244829e-01
2.287485401077493929e-01
-4.338151973294010477e-01
-5.591142010626627690e-02
-8.127845165406151207e-01
-9.224511625652710711e-02
-6.541306425313009321e-01
-1.880562154939114175e-02
3.321459275323002114e-01
-1.237344909448580971e-02
-3.041345491891306319e-01
9.681035449537266357e-01
-1.944843101974630395e-02
2.034413334487382707e-01
8.110403568923166273e-02
-1.155134338513025272e-01
5.613082867350782657e-01
-7.859589129330282198e-01
-4.569824640254015469e-01
-4.795157167243765950e-01
9.758776232467031297e-02
2.303518451458182736e-01
4.861531136152631993e-01
1.884154568640914185e-01
2.717672967861057276e-01
-1.687692474320304781e-01
1.252985455727404114e-02
4.653927695378669016e-01
4.948053996648388297e-01
-3.390097984686041843e-01
-3.768733377909265214e-01
2.296420814531693055e-01
6.045029701189376103e-01
-3.250846701210752254e-01
8.643867857100108465e-02
6.723354983142469932e-01
-3.438216929723604265e-01
-3.646311391622449050e-02
-6.221346228150202995e-01
-7.292058733201789433e-01
-6.298722534348898117e-02
-1.246336482238321296e-02
1.961687033657693868e-01
3.634725066389646320e-01
-7.959367265599114338e-01
-4.497190208151565227e-01
-3.348360478132253459e-01
-1.200631276654344548e+00
-3.770609721052796681e-01
-1.460371898477892116e-01
7.997153812678935159e-02
2.439116202651640808e-01
-4.280918195029195794e-01
-7.166705418205031597e-01
-4.182835052113005880e-01
-1.661560029428034990e-01
3.687336681209280043e-01
-1.914301156459458086e-01
2.865810229244342144e-01
-7.462549783721010577e-02
-1.205576205596793571e+00
4.754047789244270072e-01
-1.720807066264084806e-01
1.012879799410212056e-01
-5.415799209215302890e-01
6.995104823800417648e-01
2.207158211117072055e-01
1.447647689996107156e-01
-3.772530403542689870e-01
1.542499176993357424e-01
-2.829143481750320474e-02
-3.841891619408389219e-02
-8.371513117690361216e-01
6.388480245272143421e-01
-1.698722501365893811e-01
-3.497544129725593254e-01
-1.070165679278840543e+00
-1.459594274782080037e+00
2.130036560746405849e-01
-1.058135220159144158e-01
2.115372933824705703e-01
4.610541503358774051e-03
-8.058823653121287567e-01
-5.823644693047685950e-01
7.682794922168585672e-02
-4.775778719235706515e-01
-3.234233603686296199e-01
-1.659392649526389707e-01
-3.563974027083751106e-01
-4.393922186137985686e-01
-8.478048959292009412e-01
4.040290486729541941e-01
-2.534199764581551162e-01
4.358954879673069271e-01
1.419093792976225676e-01
-3.715368873982842768e-01
3.941107486011375394e-01
-2.781060353811797281e-01
-1.278542550212335704e-01
-9.076473756527760062e-02
1.529933813609048454e-01
2.953356272659948267e-01
-8.198804324302353397e-01
-3.494939238518613434e-01
-2.089696118922600432e-01
1.609006174322033522e-01
1.562397599178890484e-01
1.192844256990637786e-01
-7.193644048381761524e-02
2.517585719222829033e-01
2.771135967746599094e-02
-3.134215277483915485e-01
1.635907217309149897e-01
-9.394620136140892364e-02
1.080096581364737185e+00
7.499154402081131821e-01
-8.156220740024250349e-01
-1.049920428352905388e-01
2.614584242054378560e-01
7.898432573063489393e-02
4.116508428256733521e-03
-2.011964596855756460e-01
-1.203576282384463958e-01
-3.696457979898739032e-01
-1.791214643587139832e-01
1.297219723835010274e-01
-1.618915227454647832e-01
9.344228801597144474e-02
3.852819244824419176e-01
-4.598681596501281721e-01
2.043859576336213429e-02
-1.625194541414862887e-02
5.313354585222980209e-01
-1.533615559662901695e-01
-2.247741117448374126e-01
-5.132077114140999319e-01
-1.652671503239250828e-01
1.700973092491815664e-01
-5.903711080179104009e-02
-1.505694588746450376e-03
-2.733444545941621784e-01
-4.752124754304421156e-04
-1.657492534119543726e-01
-1.202434767794680892e-01
-1.917068521922530300e-01
-8.321980578279764007e-01
-1.351717797496103657e-01
-6.179602567390010126e-01
-2.541502421602094552e-02
1.529261793458853991e-01
-3.083586622674992506e-01
-2.936736250667825177e-01
3.685229585661714546e-01
1.222411061739175769e-01
-3.913078214645149266e-01
-2.376424798592811360e-01
-5.318744872450800187e-01
-5.056996146527512614e-01
3.474256064841824143e-01
-8.030635327551755021e-01
-2.245827050280212733e-01
-2.315642192371075714e-01
-5.058632576862845953e-01
7.492372678476291389e-03
-7.317646952437147911e-01
-5.354696747733251883e-01
-3.058933835747868479e-01
-4.629019489015160499e-02
-6.203363179873346844e-01
-6.167550797819961739e-01
1.770484676598851892e-01
-2.876760129847942826e-01
-9.407845177075295773e-01
-1.129735102118867962e+00
-3.548661285930388432e-01
4.079921042589881863e-01
1.117914341329158789e+00
-6.765450956516847469e-01
-5.865300516793590102e-01
2.165348444202912781e-01
5.491149262327134073e-01
3.597244612598478608e-01
-1.001578604524840266e+00
-6.169521339382874059e-01
-6.022447051345694025e-01
-5.050243316563576279e-01
3.824637685735866599e-01
-1.077506562442607674e+00
-6.475205856898731405e-01
-7.023242648632066487e-01
1.421841096487287959e-01
-6.244226875880273253e-01
-2.582222000074849699e-01
-3.034499962994292588e-01
-1.387697799154973544e-01
8.588269877334150926e-02
-1.813475369917449606e-02
1.755262515973393389e-01
-6.968565051764142870e-01
-2.634930060497399085e-01
5.016935295808035988e-01
-3.832040420792696134e-01
-3.580947511005408979e-01
6.085539549339414878e-01
-5.481982312000455160e-01
-2.207139256184662834e-01
-5.930943426935071372e-01
-4.724413512958406391e-01
-6.392449589879964922e-01
-4.521159018930892559e-01
1.038971289888560717e-01
-6.110097557131844992e-01
-3.559309229026463850e-01
-8.481031397816736137e-03
-3.057737760238109573e-02
7.978061403778045069e-01
-3.249596189148901831e-02
3.132095994586405197e-01
-7.999092532718017345e-01
-1.377185490269084989e-01
3.750258530406020419e-01
3.312761917306502601e-01
-3.865027723786118585e-01
-3.401732401172619102e-02
-1.969298340339088182e-01
-6.542725290172363151e-01
-2.179805272557657214e-01
2.285319961933998667e-01
6.958060049169931816e-01
-1.269656928905090465e-01
7.133531807483548537e-01
-8.820104770931656013e-01
-3.126642384078330283e-01
-9.219097041028567752e-02
-2.399494760892953715e-01
-1.047636497583936781e-02
3.224029570785531124e-02
3.772433729001074543e-01
5.822783457250165773e-01
-1.814342915136461232e-01
-2.898687203842369442e-01
-8.352039046682547818e-01
1.855382436640950483e-01
-6.202773416820162034e-01
-2.058889154082078898e-01
-1.658367323809213367e-01
-9.785662967214633357e-01
4.454100871773485348e-01
-6.838772546014839637e-01
1.514661726102899397e-01
4.018764086587583440e-01
1.667636491615115402e-01
-3.103305527574275469e-01
-7.889725633820994510e-02
8.566170586810217813e-01
-9.377294255240258281e-01
3.905148014084157682e-01
-8.484375698738256810e-01
-8.027665833458563771e-01
9.685080906915186083e-02
6.250484912945992733e-01
-3.007611609359631677e-01
-9.034181909996822357e-01
-7.202742358896905284e-01
9.248302799310884614e-01
2.846108117936277382e-01
3.745844211651538358e-01
8.708157485776816253e-01
-4.858426521754659055e-01
5.679407474978386272e-01
-6.915601517664717868e-01
-1.271688615733886474e+00
-9.702144377910600914e-01
-8.298450690109305805e-01
6.650549121385124218e-01
-7.263099791340561495e-01
-1.248804997197121708e-01
-1.674061877021705558e-01
1.110191386233595701e+00
4.274186346045447810e-02
3.579584967974127063e-01
-3.231853641207974581e-01
-6.718271952661745150e-01
1.008694564682688782e-01
3.254421598076815414e-01
1.555731184300661873e-01
-7.977120644654032977e-02
4.592317533144694153e-01
8.186992598414288835e-01
-6.096874407835389809e-01
7.775221092735823403e-01
-4.007750881656971936e-02
-1.767450283149980539e-01
9.771519731643961704e-01
-1.863804280709248362e-01
-5.394007456584480886e-01
-4.593834649956295424e-01
-3.903546421355097995e-01
-4.528004058506811536e-01
-3.970157406897262958e-02
-7.847395112970308173e-02
-4.350897252160240147e-01
-7.153371940175849708e-02
-1.340060432966942439e-01
-4.767369940750183499e-01
-9.311066650124855126e-01
-1.865228396538636257e-01
-3.159348045565321117e-01
1.329060479023843055e-01
-9.421675586275423120e-01
8.397151802235940099e-02
-8.044687564987947903e-01
1.933430834340403304e-01
-7.906381446993351325e-01
-4.845637755631000965e-01
3.704316885863878639e-01
-6.381565028220228530e-01
-9.239233486186135824e-01
-7.155700453510681625e-01
2.839070200018237178e-01
-8.942842142669064076e-01
-1.165840485777795282e-01
9.944464371183660001e-01
-8.669665931639004841e-02
1.264582627876928989e-01
-1.168777590692978041e+00
4.403661799091559970e-02
-2.660552953689772626e-01
1.065683394769449122e-01
-3.185691972533716831e-01
-1.271602827570565974e-01
-1.701874133994350502e-01
-1.781729238862965192e-01
-3.201736064628919465e-01
-6.288621444530991811e-01
-2.876047961199281744e-01
4.552604786632038492e-01
3.443798391415375804e-01
-1.084470394714353719e-01
-1.330941523126798753e-01
4.718568374646306962e-01
2.491359025792632131e-01
5.715433108887049141e-01
-4.519436466482074644e-01
-5.125938654136875661e-01
-3.582953649469432511e-01
4.826064309553942389e-01
-5.630472003660863534e-01
2.956344812736508842e-01
3.501027028903854199e-01
-4.728408151015039418e-01
2.456573249947091031e-01
-2.820289942398114258e-01
-1.788736539904070277e-01
-8.438893997862910723e-01
-4.083639460115451314e-01
1.497993199364839878e-01
-2.872230731866828868e-02
-1.496810678281919604e-01
1.478532114322915481e-01
-3.539210485137097018e-01
-6.572864452662717516e-02
2.723403712593359671e-01
-2.416400069366104186e-01
3.264515165391457807e-01
-5.081406295879437041e-01
-6.257528254607988005e-01
5.164306906514657403e-01
-4.763163510223697994e-01
4.784681980669059920e-01
-2.163218706272930780e-01
4.662507650554517658e-01
-8.747522282045223641e-01
-1.775648058631678072e-01
-1.807791899850588746e-02
7.168638254673174171e-01
-1.896129943136533602e-01
-4.535881625944434420e-02
-4.449861131699884842e-01
4.900168258349682504e-01
1.164331119923344565e-01
4.552058737962709767e-01
3.292074317822132890e-01
-7.008752622803014753e-02
2.710546614837781032e-01
1.258812701993057004e-01
-4.346041827654389955e-01
-2.117368979759776393e-01
2.016469617551594207e-01
2.928782702800203919e-01
-2.987069489140973255e-01
-1.294577361269461935e-01
-8.139188095401292955e-01
5.017826094382903390e-01
-6.974022930662513442e-01
8.277905431126024727e-01
-5.148688671911154646e-01
-5.624556715182368327e-01
-8.534537081022636196e-01
2.803058003970458900e-01
-2.502069366209853651e-01
-1.887432869118126910e-01
7.622035415121736213e-01
6.801709447900783356e-01
-1.675181165518275783e-01
-3.226796823301472661e-01
6.217002192652547610e-01
4.770735962863685842e-01
-2.743505811627849345e-01
-2.272088313146110872e-01
-3.132553830093952607e-01
-5.277290173464316281e-01
-1.167984295635536629e+00
-2.326833397978500875e-02
1.003042797597274216e+00
-3.465837656365878816e-01
-1.369447419095935203e-01
3.325155340832163242e-01
-2.424811084723788868e-01
-7.372106168656262781e-01
-1.367338042214559859e-02
5.799700432892750113e-02
-2.955730437240658981e-01
1.063272503374002920e+00
-9.233690508085318216e-01
5.370903954138536163e-01
-1.637712209656370099e-01
2.490199693047898954e-01
1.615328428142974171e-01
6.716391698176769065e-01
2.834507010248831782e-01
-2.770692871089016629e-01
2.704981546486637800e-01
-3.548482876394460916e-01
-2.615666920726830713e-01
-9.608257776799891126e-01
2.404710266406830457e-02
1.130858219361342981e-01
2.570340637346337984e-02
-6.169446313037365570e-01
-4.146802364216886638e-01
2.993227828727420547e-01
-1.097160989883509519e+00
-7.132817312501199547e-01
-7.351635161125029405e-02
-3.250698875048533276e-01
1.045082093896890996e+00
-7.318217205926559332e-01
-3.795406559142889824e-01
9.247135991129894206e-02
-3.820937763175736857e-01
2.550098379721620068e-02
-3.247090066796549240e-02
1.267807856267070578e-02
-3.823054495142518272e-01
-1.039239623642628646e-01
2.295047175052125354e-01
-2.177511803872012874e-01
3.610783151738337637e-01
-1.391762490216031170e-02
-1.297108028837088145e-01
-4.274992651921150771e-02
5.492927543840777499e-02
7.257792738616504202e-01
-1.265338305921118955e+00
-7.881410850434834581e-01
3.976860933001060139e-01
-5.053286358000603773e-01
-1.009052825685745475e-01
1.022044551477121199e-01
-3.174324493897172361e-03
-9.650907979808909243e-02
-8.278966952738932017e-01
5.324760171213949178e-02
-4.934046077043835465e-01
-2.913071742087680049e-01
3.512542902385510507e-02
-5.716421847891978159e-01
-4.047368655492075695e-02
-2.845903066579065777e-01
-3.314651501414700181e-03
-1.409217406153527197e+00
-5.709716757424795341e-01
3.151062361562231851e-01
6.716808226629504552e-02
8.182947285737432463e-02
-3.844189568893650183e-02
