8.733488102155455290e-02
-2.098630198979868078e-01
3.016178469265159423e-01
-4.999766375356884396e-01
-2.716590929157113310e-01
7.742215190075810716e-01
1.085566261873334576e-01
4.941029378882941803e-01
2.003369069155363710e-02
-5.533409460559869375e-01
-1.036006533700142423e-01
-2.722673961795813447e-01
-6.992093592655855838e-01
-1.887316771711485264e-01
1.176304856793871201e+00
-2.523688420427318557e-01
-5.491343814777963073e-02
3.995920561612296140e-01
-3.751825307431844170e-01
7.014441544847717890e-03
2.205567682600853008e-01
2.537940579160360977e-01
6.308992362182366254e-01
1.689568023226308002e-01
-3.844352517691473209e-02
1.006585927045696577e-01
5.977156649643861758e-02
-6.566886156178467493e-01
-1.213285763624139951e-01
-5.678381734512688572e-02
-5.131745501048323721e-01
-4.434430622447849690e-01
0.000000000000000000e+00
-4.068706874386981975e-01
1.020989322160794277e-03
-9.559159189184700534e-01
-9.141165188670552499e-02
-2.195467064341694585e-01
2.368710351759101621e-02
-8.078020232938183665e-02
3.890753609931057455e-01
3.078693935179538932e-01
0.000000000000000000e+00
1.556044246468452630e-01
1.829953217092110951e-01
1.164188596503759721e+00
3.668679854550109809e-01
-1.396711858247317306e-01
-5.754473631886434237e-01
2.768046456293392701e-02
4.578808463852946931e-01
3.522871992702480415e-01
0.000000000000000000e+00
3.577917906208967214e-01
1.021130824647522167e-01
-4.211861282770698045e-01
-5.245956164033939162e-01
-7.794451967994535657e-01
8.710924050629452742e-01
-7.567208990422802373e-02
-1.024559717385528756e+00
1.943074720543941092e-01
-6.068650217479393261e-01
-5.518999557784942667e-02
-4.055071066148433455e-03
3.222189343951911700e-01
-3.327471701529949866e-01
-9.451658362596081220e-02
3.903468102226919090e-01
-5.094581756298773023e-02
-4.479655546465653726e-02
-8.070206340151351299e-01
-9.798543630004595828e-01
3.298380005827433736e-01
1.466243831418637122e-02
5.934459189878311669e-01
3.226930511202386609e-01
1.476625067575456848e-02
-1.630462568920818672e-02
-4.585142904763490623e-01
-1.706925422655642399e-01
5.838228663229264592e-01
3.328955138681729542e-01
-6.431121098287457816e-01
9.760522207246419280e-02
-9.695064927638031849e-01
1.970445900917467200e-02
-3.898082431143537474e-01
-1.648679825916974928e-01
6.087182943249341838e-01
-8.431740659185349429e-01
-1.774549019030751407e-01
-1.206099019691496063e-02
-6.596514843716050347e-01
-4.905755583373276330e-01
-3.633065743768251754e-01
0.000000000000000000e+00
4.718451428678021586e-01
0.000000000000000000e+00
9.618538185004303631e-02
3.454422462313089248e-01
1.266026788435508088e-01
3.338163223113398970e-01
2.396970750724498334e-01
-1.519582146742994300e-01
-1.080353707526574697e-01
-4.811331580480032177e-01
5.231091229508871843e-01
1.627519477527886171e-01
-1.664430941241427930e-02
3.629554522746223505e-02
7.733300953649761000e-01
5.871701210321924602e-01
-2.566781149358097758e-01
1.960551616635607813e-02
-1.779635840088927001e-01
4.877951285067367859e-01
0.000000000000000000e+00
2.556696605255148191e-01
1.278707985912415079e-01
-3.176569600709464730e-02
3.460852327540155926e-01
-6.928760058435866342e-02
1.019695966733990128e-01
5.377206174659234783e-01
-3.267196460944629122e-01
-2.593519076439061988e-01
2.113360469268219799e-01
-8.377267969142525583e-01
5.852003657970089590e-01
-2.678395046369539401e-01
9.660213239227914972e-01
2.152794099383869841e-01
-2.616350365481853735e-01
-1.132235703843933738e-01
3.908689086286751824e-01
-5.064671244182578080e-01
2.737141806574733827e-01
-6.132673194396760785e-03
-3.320864381742883453e-01
6.801179113667297216e-01
-8.246179071134610017e-02
1.704150701141516067e-01
-9.590735125852715148e-01
4.606208368609471249e-01
3.655007294546722685e-01
-8.978023035334218305e-01
-3.266614703564647143e-02
-3.223805771084723992e-01
1.106153165042727204e+00
-2.927432346699067045e-01
-2.880328126791474319e-01
1.551380897763651456e-01
-8.664130570884323590e-02
-6.612164389819653598e-01
-3.880767856990124248e-02
6.356965787865559436e-02
2.431543884194389271e-01
-3.963942862408792456e-01
-3.496570585762043271e-01
8.085301887908594720e-01
-3.176597234074152870e-02
2.219346953117976307e-01
-8.301253682064748673e-01
1.234946670186537615e-01
3.714691625944848696e-01
-4.494309860549735441e-02
-5.164752451362438629e-02
6.429453751837398423e-01
8.148150700776871092e-02
-4.037435750830312142e-01
5.247438268959593310e-01
8.346354146429463272e-01
4.257974338678756354e-02
-4.392303077366546682e-02
-1.123859673877739829e-01
-3.774299561583420171e-01
-4.926626363539719083e-02
1.439122900285003392e-01
6.432447682104926179e-02
2.020142597172583099e-01
7.697159079969618789e-01
-3.622762902225083737e-02
1.165075782223718714e-01
-1.552725997555949866e-01
3.877446374091108039e-01
-2.109009389071686558e-01
-2.395219100885481178e-01
5.381508603273911229e-01
-4.412889746648583356e-01
1.000739710138543598e-01
6.810713371778444047e-01
2.084394444895326381e-01
-2.915376866330581240e-01
0.000000000000000000e+00
1.663086554267400596e-01
2.161516265948105753e-01
5.446893286695111275e-02
-1.261173839036248967e-01
4.273527475710853230e-02
-3.066558292661666352e-01
3.900431366438931180e-01
-2.421465545852304890e-01
7.085554638849841935e-02
-7.294395152765125595e-03
-6.170075430975406616e-02
-2.522434506559038669e-01
-5.648586381157834346e-02
3.372274842720446864e-01
-2.473171303951036126e-01
4.788725848880755476e-01
3.657675531681203740e-01
-2.505846251077372688e-01
2.071064894948476953e-01
-2.313879347458995261e-01
-6.819762992173413751e-01
-5.745280372976668826e-01
6.066989417244006422e-01
7.221845166315054021e-01
2.396867418914484099e-02
1.026255858725339809e-01
3.431944803825132118e-01
-8.099769191283544556e-01
-9.961090101402671204e-02
-6.447109739274807516e-02
-3.356506479245522923e-01
-3.666488231180596857e-01
-3.176577053177547655e-02
-9.915109398578730859e-01
-1.678454154021571387e-01
-8.511212350923275105e-02
5.310525578412444991e-01
0.000000000000000000e+00
3.099345209751084435e-02
-4.939901314929801696e-02
6.504455434464141428e-01
6.471319017155066113e-03
2.839572933958753875e-01
0.000000000000000000e+00
-1.598796096522285826e-01
-5.360539090426897912e-01
2.462403975619273100e-01
-1.143879837289681761e-01
-3.175111373581204072e-02
3.609630116066519512e-01
-6.783805383380810128e-02
0.000000000000000000e+00
3.001031834623533179e-01
3.273427132219403068e-01
3.412933435403770477e-01
6.000175163895969666e-02
-1.781160423441353891e-02
2.763934674114327250e-01
1.775228283847662125e-01
6.450597628137254569e-01
-6.960959946138355059e-02
