3.803753913921916613e-02
1.025427490655386631e+00
9.055775386130933136e-01
-6.976420786056728440e-01
2.491212130778303058e-01
2.483864835816086691e-01
7.339247521967960652e-02
-3.488944912734509574e-01
3.129817075339168253e-02
-3.097107939077815061e-03
-7.557932690530063669e-01
-6.468859370204568804e-02
-1.508700422601589597e-01
5.750715959334664618e-01
-1.960792160957772756e-01
-8.599129618991177559e-02
3.858219106954918765e-01
2.333507981915454166e-01
-1.143683851072820667e+00
-2.668898530636466537e-01
-3.415633298538224838e-01
-5.454660059322761212e-01
2.446727546259923614e-01
-3.101223275331000395e-01
-3.712911601798160044e-01
3.972018636616007625e-01
4.361321261351292500e-01
-7.079983046293802929e-01
-1.309403265996448087e-02
-6.990991561095001305e-01
-2.867307054313816828e-01
-1.437251949366866177e-01
3.305675710040983928e-01
-4.845587781067842853e-02
-4.585822139385873492e-02
-5.289080917384649805e-01
6.329207475930804794e-01
1.701355815773124835e-01
-1.549897606238314351e-01
-3.253297483104807264e-01
1.363821932327807969e-02
1.185837880179014953e-01
-2.374603817796334670e-01
-5.712239301686699022e-01
-1.094926207639986410e-01
-2.941575285714426724e-01
4.401031326426951135e-02
2.044536023769345512e-01
5.193388480846984345e-01
5.217078619793011351e-02
-1.776717664863145668e-02
2.757655085043793086e-01
4.342446995446235664e-02
-1.788576802904931762e-01
-9.598819787066573128e-02
2.568945034794965498e-01
2.495380581319826541e-01
8.456154105209984229e-02
-2.233847594414935245e-01
3.840828400223963296e-02
4.280202491139541987e-01
1.385839363289755044e-01
5.304042313506469597e-01
-4.774206936923771072e-01
-6.338416278130816206e-01
-8.122025885047343685e-01
-3.836909673619880255e-03
-5.255214143592020770e-01
1.417289059429884812e-01
-3.199672845970339408e-01
-8.234051761585005069e-01
3.563371818814652925e-01
-2.842946376431267352e-01
-3.975036309134774015e-01
3.575542574320269562e-01
-2.882448583655348728e-01
-7.200845804442020937e-01
-7.048458217133323211e-01
-6.020692579174911213e-02
-1.916818135881336316e-01
3.914842572652098562e-01
-3.467141701163439227e-01
-1.028384545342353240e+00
1.743150930778291849e-02
-1.697546997679671765e+00
8.171802351808534759e-01
-2.050466342235113260e-01
-1.325326926646730741e-01
-6.921021602896134661e-01
1.074458327227870574e-01
2.193471303896711022e-01
-1.104260123265927290e-01
-3.834377627211561501e-01
-2.674189699626590144e-01
-6.378480303518981875e-01
-2.551199758728599498e-01
4.005525225303326886e-01
7.806368805739098971e-01
7.360117560601928122e-02
-1.400441363672914885e-01
2.403355111968569213e-02
-2.438408242210819976e-01
6.074912331897664997e-01
-2.621967245609814201e-01
2.027543462460818791e-01
5.446645340177426187e-01
3.256049399932195998e-01
-1.660054316281028008e-01
-7.826082417420701098e-01
4.892488064560800848e-02
1.803425861981642897e-01
7.087070729415122228e-02
1.788472373538365356e-01
-5.039197567112186915e-01
-2.025518097585298286e-02
1.370038384815178666e-02
-1.488139051800343397e-03
-6.512819513397302695e-02
2.468230105087901305e-01
-3.225468463662792273e-01
-2.464216028368021449e-01
-3.721313203005343628e-01
-2.396569033139975269e-01
-2.757116636047516334e-01
-1.241417541402200647e-01
-1.285991969330272655e-01
-9.820908477344189591e-02
-4.864248882647148053e-01
-3.968270417139847517e-01
-4.868398660908075937e-01
5.042240508133605248e-01
-1.377845529417661419e-01
-2.017124573317822800e-01
-3.628403132442934997e-01
2.116693935615150401e-01
-3.974997288881090135e-03
8.707836523304198773e-01
2.915119246601340364e-01
6.676057354161084312e-02
-5.070184401005729535e-01
-5.965339802234338913e-03
-2.872803474107861743e-01
-3.861136732360219148e-01
2.374633795532210268e-01
1.154437478776568771e-01
1.139453721880304554e-01
-3.194598385521284500e-01
8.216532638899372021e-01
6.256875054421971727e-02
-8.484493640229905376e-01
1.422978165904707770e-01
-3.751762647880442503e-02
-5.267612826711681739e-01
-3.202012365525882392e-02
-1.233350595758419127e-01
6.072152459608739505e-01
-2.591445932461748924e-01
-4.663962015160470764e-02
-5.143493713517266475e-01
-2.640230686829275059e-02
-1.657533618169472478e-01
2.018836346032365503e-01
7.933304163660790387e-01
8.528152953020542437e-01
-4.185177376735447208e-01
-7.180560953582684758e-02
5.320825670546450725e-01
2.754399273132806525e-01
3.946811604232925430e-01
4.598306442332389388e-01
2.946070304536534401e-01
-2.600026845498612516e-01
-7.360605771070027892e-02
2.008350553173352815e-01
-2.473914809909377455e-01
-6.691018158908365598e-02
4.458062281488864298e-02
-7.824248588782686253e-01
-8.454838874973187590e-02
3.972242522435083245e-01
-7.778156843514583141e-02
3.571086558594664395e-01
3.767250062038063896e-01
-7.497836513676554571e-01
4.468760435527767694e-01
6.100303198474410493e-02
1.423056596416039765e+00
9.005459441531603326e-02
-2.514667163805127670e-01
4.874771499241664641e-01
6.132388526350035507e-01
2.079871991405575493e-01
-3.179663039794434765e-01
-3.657432008447007998e-01
-5.014166482729128793e-01
-5.733632461602549135e-01
-3.092922140389963923e-02
3.936947171729635042e-01
-4.527323367426407397e-01
1.283530242997187876e-01
-7.660623507775983221e-01
-5.840418797121311734e-01
-7.646049414066166672e-02
1.064321003361923673e-01
-1.151077486607096773e-01
4.345590598792171133e-01
-8.313694660925469160e-02
-4.544210062270073180e-01
8.576239102942810610e-02
-1.749744305309637316e-01
-6.928517577988455578e-01
-5.293553565187078536e-02
6.453533783881718611e-01
-1.038203574532550605e-01
-2.500274156624864297e-01
1.890600094839017253e-01
2.005919965283132211e-01
-6.094686901736947604e-01
1.844394471089479681e-01
3.486945821156222092e-01
2.906902428844510555e-01
-1.802094834583916894e-01
1.120513612503277051e-01
8.652914235077561189e-01
4.200383615769980317e-01
-6.422349787867163151e-01
-5.787574823630223936e-02
7.221204802300210113e-02
9.110170548020218861e-02
-6.133037302332923213e-01
-2.307594900382419767e-01
-1.438775670329293377e-01
-3.833597487959772843e-01
-8.812110944585882510e-02
-8.216959345272548676e-01
-6.405930077985535487e-01
-2.301948084802554750e-01
-3.214101871043609226e-01
-2.120777246669924149e-02
-1.796134162418547842e-01
1.545321931927456371e-01
-4.675085489809484296e-02
-2.975732687155157041e-01
-6.840684682293049490e-02
-7.492768675592794692e-01
-8.388077366438288773e-02
-1.048378606442533112e+00
-3.534919363058356412e-01
-3.395418810131599352e-02
-2.072749599136653464e-01
8.384071474658631729e-02
7.871077808855846403e-01
1.128925630658580426e-01
1.090442139161734575e-01
1.003748967556826077e+00
-6.292011496824077010e-01
