1.150320557330195420e-01
4.626597282105565090e-01
2.808117124799401343e-01
-4.323045926903507086e-01
4.177692509446044866e-01
1.415303795598374936e-01
-9.588245637058195880e-01
-1.161084950223109924e-01
1.779281610825957372e-01
1.220898383632216949e-01
-1.807123462670315872e-01
2.473651301911495015e-01
-4.212609020047528019e-01
6.190849169203863633e-01
-3.050261952738371196e-01
-2.247435855908902491e-01
3.001254668672350134e-01
8.694364752428471524e-03
-3.361503952982509702e-01
5.941024194502033673e-01
9.563602085934601316e-02
-4.853419758853909083e-01
-2.868125877271218704e-01
-8.360914654881591856e-02
-3.558689135478598775e-01
-1.384807130290151844e-01
-6.265143639326584135e-02
-1.739857974216770659e-02
1.246429244694050448e-01
5.711070982774909544e-01
-9.735141914835472587e-02
-2.244725543489100306e-01
6.552653517768194935e-02
2.204381553896763435e-01
-4.178750215393383094e-01
5.609969936555548875e-01
6.476252258478795709e-02
-4.831117832327450623e-01
2.160870686390629625e-01
4.472280075919323195e-01
5.161845006654129930e-01
-1.606165718898528438e-01
-4.722167479498130538e-01
-1.329573385879731839e+00
1.895370676609359206e-01
5.502663058888375425e-02
1.025402274079246622e-03
-2.651910531649742109e-01
2.402254877321005622e-01
1.503434523438924808e+00
-2.573494492541148621e-02
-1.057305120865390489e-02
-1.406711461078384851e-01
-8.414590569688644717e-01
2.346943210951608627e-01
-1.329250431889048706e-02
-5.743785874220048715e-01
2.732123146642180811e-01
2.888025026318176147e-01
1.978496221202025174e-01
-3.747055739036413841e-02
9.025710368465542088e-02
3.742469805798844251e-01
-6.341432927596779567e-01
7.992243027049192317e-02
-5.018848392802397473e-01
-1.298913317298441283e-01
-4.009095632608475901e-01
7.399801346158325910e-02
-2.382490004334252010e-01
-2.985313511290179633e-01
-2.547008254752843870e-01
-6.185979170485549350e-01
-7.905772399855387489e-01
-2.818704473717111303e-01
-2.589392112120725287e-01
-6.685806257100136707e-02
2.499422667327127479e-01
-3.298062026393867585e-01
-1.681477907623326051e-01
-4.331651625700492225e-01
-2.396694166897317055e-02
-3.986112642159063690e-01
-1.431122842548852581e-01
-2.248740263228208025e-01
-5.386826414763415394e-03
8.376526174364157251e-03
-3.257035324364753737e-01
1.327012917764905930e-01
-5.876262154827487372e-01
4.731661846076656852e-01
2.189813421500922674e-01
-5.551548131273639219e-01
-7.476801387098149787e-01
3.429550010041582109e-01
-2.520868110311708099e-01
-2.611278276925672048e-01
-1.288142590562616208e-01
-1.480985453271394525e-01
8.338643417766770927e-02
3.847660871760641421e-02
5.387475684435759637e-01
8.842795457934392311e-02
-5.516314149820759211e-02
-8.178392931330108473e-02
3.828911958099924240e-01
-1.466732529401585695e-02
4.795480005145291158e-01
2.351044778476437669e-01
3.555767376117778822e-01
3.186137830483984357e-01
-4.754047493798642665e-01
-1.884814381838705311e-01
9.733969728643853889e-03
1.813133214850071451e-01
3.184268171874172770e-01
1.857858529873756825e-01
3.983443465226744751e-01
-1.206570737434722540e+00
-3.581781896300714196e-01
5.997147681141277165e-01
1.841502691079812959e-01
4.277472625519723182e-01
-5.318179639251750801e-02
-1.441924132472814368e-01
4.086528242524720134e-01
-3.524801085420603552e-01
4.931696415996515981e-01
